{"version":"1.0","analysis_type":"signature_curve","model":{"materials":[100,29500,29500,0.3,0.3,11346.15],"nodes":[[1,5,1,1,1,1,1,50],[2,5,0.5,1,1,1,1,50],[3,5,0,1,1,1,1,50],[4,3.75,0,1,1,1,1,50],[5,2.5,0,1,1,1,1,50],[6,1.25,0,1,1,1,1,50],[7,0,0,1,1,1,1,50],[8,0,1.5,1,1,1,1,50],[9,0,3,1,1,1,1,50],[10,0,4.5,1,1,1,1,50],[11,0,6,1,1,1,1,50],[12,0,7.5,1,1,1,1,50],[13,0,9,1,1,1,1,50],[14,1.25,9,1,1,1,1,50],[15,2.5,9,1,1,1,1,50],[16,3.75,9,1,1,1,1,50],[17,5,9,1,1,1,1,50],[18,5,8.5,1,1,1,1,50],[19,5,8,1,1,1,1,50]],"elements":[[1,1,2,0.1,100],[2,2,3,0.1,100],[3,3,4,0.1,100],[4,4,5,0.1,100],[5,5,6,0.1,100],[6,6,7,0.1,100],[7,7,8,0.1,100],[8,8,9,0.1,100],[9,9,10,0.1,100],[10,10,11,0.1,100],[11,11,12,0.1,100],[12,12,13,0.1,100],[13,13,14,0.1,100],[14,14,15,0.1,100],[15,15,16,0.1,100],[16,16,17,0.1,100],[17,17,18,0.1,100],[18,18,19,0.1,100]]},"analysis_settings":{"boundary_condition":"S-S","number_of_lengths":101,"minimum_length":1,"maximum_length":1000,"requested_eigenmodes":10,"member_lengths":120,"vectorized":false,"springs_defined":false,"constraints_defined":false,"cfsm_active":false},"section_properties":{"area":2.0999999999999998,"centroid_x":1.666666666666667,"centroid_z":4.500000000000001,"Ixx":29.541666666666669,"Izz":7.500000000000001,"Ixz":0,"theta_principal_radians":0,"I11":29.541666666666669,"I22":7.500000000000001,"J":0.007000000000000004,"shear_center_x":-2.387870239774327,"shear_center_z":4.499999999999997,"Cw":125.7223201692525,"B1":0,"B2":11.64240714621532},"signature_curve":[[1,5.472685484046829],[1.0722672220103234,4.778679986266372],[1.1497569953977359,4.1752052103750449],[1.2328467394420662,3.6504847718523925],[1.321941148466029,3.1942779247336614],[1.4174741629268053,2.797679774544778],[1.5199110829529337,2.452947550180451],[1.6297508346206442,2.153349547085026],[1.7475284000076839,1.8930337963465374],[1.8738174228603839,1.6669138989404163],[2.0092330025650475,1.470569798830209],[2.154434690031884,1.3001615594686782],[2.3101297000831599,1.1523544611484909],[2.4770763559917108,1.0242539566333975],[2.6560877829466866,0.9133492139592299],[2.848035868435802,0.8174641420986135],[3.0538555088334156,0.7347149407248332],[3.2745491628777287,0.663473342529441],[3.511191734215131,0.6023348279447783],[3.7649358067924685,0.5500911897414936],[4.0370172585965549,0.5057069103736764],[4.328761281083058,0.4682988891734506],[4.641588833612779,0.4371191200578798],[4.977023564332112,0.4115399732817375],[5.3366992312063099,0.3910417764375268],[5.722367659350217,0.37520241936394618],[6.1359072734131729,0.3636887232250047],[6.579332246575681,0.3562493129812647],[7.054802310718643,0.352708709855447],[7.564633275546289,0.35296230727017149],[8.111308307896872,0.356971794114335],[8.697490026177836,0.36476041488934327],[9.326033468832199,0.37640715813686689],[10,0.3920384569169455],[10.722672220103231,0.41181511805436596],[11.497569953977357,0.435910706801499],[12.32846739442066,0.4644750406878636],[13.219411484660294,0.4975720208883686],[14.174741629268056,0.5350736248443949],[15.199110829529339,0.5764805819203939],[16.297508346206443,0.6206278026773899],[17.47528400007684,0.6652394582761211],[18.73817422860384,0.7064031311507214],[20.09233002565047,0.7384104881384243],[21.544346900318847,0.7550281684456487],[23.101297000831605,0.752733314542077],[24.770763559917115,0.7333376071841031],[26.560877829466869,0.7026944053766514],[28.48035868435802,0.6672634466019168],[30.538555088334158,0.6320494384437475],[32.74549162877728,0.6003234244508128],[35.11191734215131,0.5740530739310799],[37.64935806792467,0.5543821157169996],[40.37017258596554,0.5419826191176336],[43.287612810830577,0.5372837447194038],[46.41588833612777,0.5406140442256873],[49.770235643321118,0.5522882527952918],[53.3669923120631,0.5726583077018131],[57.22367659350217,0.6021391319914116],[61.35907273413173,0.641212292446909],[65.79332246575679,0.6904028435648406],[70.54802310718643,0.7502128193544672],[75.64633275546287,0.8209713117906161],[81.11308307896873,0.9025073218766968],[86.97490026177835,0.9934204399452673],[93.26033468832199,0.9761475221155838],[100,0.8833859651473751],[107.22672220103232,0.7918043834033337],[114.97569953977356,0.7049457217331488],[120,0.6548950281107577],[123.28467394420659,0.6246815245491697],[132.19411484660288,0.5517870410651405],[141.74741629268048,0.4863673573167109],[151.99110829529332,0.4281420903921741],[162.97508346206434,0.3766262357725877],[174.7528400007683,0.33124158011456647],[187.3817422860383,0.29138352562248279],[200.92330025650458,0.2564598373172932],[215.44346900318824,0.2259119077890838],[231.01297000831605,0.1992252520982606],[247.70763559917115,0.1759334785219623],[265.6087782946687,0.15561838736369186],[284.8035868435802,0.1379078806151495],[305.3855508833416,0.12247270123780503],[327.45491628777287,0.10902266930572977],[351.1191734215131,0.09730278391218557],[376.49358067924677,0.08708941922652849],[403.70172585965539,0.07818674220384039],[432.8761281083057,0.07042342429841044],[464.15888336127775,0.06364966007767546],[497.70235643321089,0.05773445524282148],[533.6699231206312,0.05256328038872328],[572.236765935022,0.04803589119067166],[613.5907273413176,0.044064546387584026],[657.9332246575682,0.04057230198584228],[705.4802310718645,0.03749159010180351],[756.463327554629,0.03476297877036794],[811.1308307896873,0.03165372408059791],[869.7490026177834,0.027532444900112409],[932.60334688322,0.023947536344467905],[1000,0.02082925350425209]],"critical_points":{"overall_minimum":[1000,0.02082925350425209],"overall_minimum_classified":[1000,0.02082925350425209,101,99.99348822182712,0.0035622296705624994,0.0019415656911459169,0.0010079828111642718,1],"local_minima":[[7.054802310718643,0.352708709855447],[43.287612810830577,0.5372837447194038]],"local_minima_classified":[[7.054802310718643,0.352708709855447,29,0.2714672577226697,1.3478510624719776,98.22801761209861,0.15266406770674868,3],[43.287612810830577,0.5372837447194038,55,1.3684579686935337,93.63582427836127,4.944974324773815,0.050743428171384639,2]],"family_minima":[[2,43.287612810830577,0.5372837447194038,55,1.3684579686935337,93.63582427836127,4.944974324773815,0.050743428171384639],[3,7.054802310718643,0.352708709855447,29,0.2714672577226697,1.3478510624719776,98.22801761209861,0.15266406770674868]]},"mode_participation":{"family_labels":["global","distortional","local","other"],"table_columns":["length","eigenvalue","global_percent","distortional_percent","local_percent","other_percent","dominant_family_id"],"lowest_modes":[[1,5.472685484046829,0.9397683637740663,0.026936837329319457,98.20614272355152,0.8271520753450923,3],[1.0722672220103234,4.778679986266372,0.8617290876118937,0.027854232649801793,98.3510256892798,0.7593909904585086,3],[1.1497569953977359,4.1752052103750449,0.7905580139634885,0.029036018114724395,98.48293835232322,0.6974676155985675,3],[1.2328467394420662,3.6504847718523925,0.7257025052155531,0.030510434739933646,98.60288880815283,0.6408982518916986,3],[1.321941148466029,3.1942779247336614,0.6666624653728983,0.032318415293710187,98.71177581556204,0.5892433037713487,3],[1.4174741629268053,2.797679774544778,0.6129850105056757,0.03451699306019165,98.81039518886287,0.5421028075712703,3],[1.5199110829529337,2.452947550180451,0.5642596886875464,0.03718343275128614,98.8994446528766,0.4991122256845638,3],[1.6297508346206442,2.153349547085026,0.5201140271712214,0.040420125283730647,98.97952752438234,0.45993832316271496,3],[1.7475284000076839,1.8930337963465374,0.48020936791617177,0.0443602675304607,99.05115518760823,0.42427517694514318,3],[1.8738174228603839,1.6669138989404163,0.44423707892503996,0.04917433227299427,99.11474806144955,0.3918405273524145,3],[2.0092330025650475,1.470569798830209,0.41191529183520667,0.05507733574820489,99.17063461064342,0.3623727617731699,3],[2.154434690031884,1.3001615594686782,0.3829863172421935,0.06233694930031257,99.2190479133459,0.33562882011158509,3],[2.3101297000831599,1.1523544611484909,0.35721483881435237,0.07128260170569778,99.26011933108056,0.3113832283993893,3],[2.4770763559917108,1.0242539566333975,0.3343869043986126,0.08231590638428395,99.29386888550428,0.28942830371283148,3],[2.6560877829466866,0.9133492139592299,0.31430964157948618,0.09592304659347369,99.32019196335907,0.26957534846798278,3],[2.848035868435802,0.8174641420986135,0.29681155161612796,0.11269017325221564,99.33884186735279,0.2516564077788718,3],[3.0538555088334156,0.7347149407248332,0.28174319905304459,0.133323403404045,99.3494074318707,0.2355259656722071,3],[3.2745491628777287,0.663473342529441,0.2689781238466071,0.15867561524925789,99.35128438258676,0.22106187831737612,3],[3.511191734215131,0.6023348279447783,0.25841385506600819,0.1897828653892144,99.34363834125989,0.20816493828489236,3],[3.7649358067924685,0.5500911897414936,0.24997298545782238,0.22791386761531136,99.32535641149753,0.19675673542933429,3],[4.0370172585965549,0.5057069103736764,0.2436043541991503,0.27463659016701927,99.29498319133778,0.1867758642960401,3],[4.328761281083058,0.4682988891734506,0.2392844629117167,0.3319067623374369,99.25063586161835,0.17817291313249498,3],[4.641588833612779,0.4371191200578798,0.23701930772410188,0.4021841409179218,99.18989161184584,0.17090493951214487,3],[4.977023564332112,0.4115399732817375,0.23684684792151029,0.4885840452960007,99.10963888513762,0.16493022164487254,3],[5.3366992312063099,0.3910417764375268,0.23884035515499195,0.5950742119257686,99.00588145992967,0.16020397298957823,3],[5.722367659350217,0.37520241936394618,0.2431128998762299,0.7267307044209197,98.87348091707675,0.15667547862610047,3],[6.1359072734131729,0.3636887232250047,0.24982322861595658,0.8900716864712737,98.70581825404413,0.15428683086863025,3],[6.579332246575681,0.3562493129812647,0.2591832505779137,1.0934945979074394,98.49434898500398,0.1529731665106611,3],[7.054802310718643,0.352708709855447,0.2714672577226697,1.3478510624719776,98.22801761209861,0.15266406770674868,3],[7.564633275546289,0.35296230727017149,0.28702281007497118,1.6672052843444876,97.89248631027303,0.15328559530751904,3],[8.111308307896872,0.356971794114335,0.30628286714984195,2.0698365677409455,97.46911827581404,0.15476228929517386,3],[8.697490026177836,0.36476041488934327,0.3297781314956319,2.579565868249954,96.93363759294216,0.1570184073122676,3],[9.326033468832199,0.37640715813686689,0.35814749707934459,3.2275106895083498,96.25436413763264,0.15997767577967854,3],[10,0.3920384569169455,0.39214261358221189,4.054401661248393,95.3898948588955,0.16356086627388914,3],[10.722672220103231,0.41181511805436596,0.43261928617541886,5.11362326843531,94.28607692403804,0.16768052135123585,3],[11.497569953977357,0.435910706801499,0.4805027514670536,6.4751548193993069,92.87211036457674,0.1722320645569047,3],[12.32846739442066,0.4644750406878636,0.5367043450468547,8.230540913920733,91.05567446394034,0.1770802770920777,3],[13.219411484660294,0.4975720208883686,0.6019519204289985,10.498793575479122,88.71721480598126,0.18203969811060886,3],[14.174741629268056,0.5350736248443949,0.6764748300407791,13.432415819790242,85.70426230232136,0.18684704784761989,3],[15.199110829529339,0.5764805819203939,0.7594621630754003,17.220803842760025,81.82861010497462,0.19112388918997379,3],[16.297508346206443,0.6206278026773899,0.8482209825417092,22.08355070066188,76.87389787725785,0.19433043953857,3],[17.47528400007684,0.6652394582761211,0.9371026533279185,28.236198881172738,70.63097603901788,0.19572242648146646,3],[18.73817422860384,0.7064031311507214,1.0167800730093797,35.796766524169637,62.99209881498648,0.19435458783450688,3],[20.09233002565047,0.7384104881384243,1.0755215424328293,44.608022029186759,54.12722084885441,0.1892355795260157,3],[21.544346900318847,0.7550281684456487,1.1044420391852135,54.05578957626814,44.66001006598694,0.17975831855971526,2],[23.101297000831605,0.752733314542077,1.10448701436781,63.15830880511343,35.5709408051087,0.16626337541006934,2],[24.770763559917115,0.7333376071841031,1.0868557518337788,71.04649821424684,27.71652208511662,0.15012394880275979,2],[26.560877829466869,0.7026944053766514,1.065361161448697,77.3602469429473,21.441305306239678,0.13308658936431823,2],[28.48035868435802,0.6672634466019168,1.0502579207249819,82.18564646419408,16.647540208258268,0.11655540682268705,2],[30.538555088334158,0.6320494384437475,1.0477407256167498,85.79382625634658,13.057071015589998,0.10136200244665976,2],[32.74549162877728,0.6003234244508128,1.061828673454388,88.46698461842434,10.383312905467149,0.08787380265414567,2],[35.11191734215131,0.5740530739310799,1.0960568785513905,90.43680596343093,8.39096676274376,0.0761703952739259,2],[37.64935806792467,0.5543821157169996,1.1545637933171505,91.8773221470532,6.9019352954306509,0.06617876419897835,2],[40.37017258596554,0.5419826191176336,1.2428466440979385,92.9142034778618,5.785192583981232,0.05775729405903532,2],[43.287612810830577,0.5372837447194038,1.3684579686935337,93.63582427836127,4.944974324773815,0.050743428171384639,2],[46.41588833612777,0.5406140442256873,1.5418378909477846,94.10205776670331,4.311125101140372,0.04497924120853034,2],[49.770235643321118,0.5522882527952918,1.7774542515901697,94.35025358338355,3.831967774102724,0.04032439092355656,2],[53.3669923120631,0.5726583077018131,2.0954649100980045,94.3986687567365,3.4692041784707,0.03666215469479521,2],[57.22367659350217,0.6021391319914116,2.5242327905619375,94.24757459668413,3.194290597124135,0.03390201562977954,2],[61.35907273413173,0.641212292446909,3.1042555784564107,93.87791545237208,2.9858477889564187,0.03198118021509628,2],[65.79332246575679,0.6904028435648406,3.8945159386964436,93.24682806789686,2.827788837059762,0.03086715634694592,2],[70.54802310718643,0.7502128193544672,4.983121360020496,92.27837582353335,2.7079389330428844,0.030563883403277316,2],[75.64633275546287,0.8209713117906161,6.505803919994979,90.8460985440257,2.6169727837489837,0.031124752230349718,2],[81.11308307896873,0.9025073218766968,8.679135318884017,88.74069357331557,2.547494144990619,0.03267696280980276,2],[86.97490026177835,0.9934204399452673,11.860755086365993,85.61081674410501,2.4929670126134395,0.03546115691555599,2],[93.26033468832199,0.9761475221155838,75.92885829422332,23.475479921628627,0.5306541516725858,0.06500763247546851,1],[100,0.8833859651473751,81.40096672322837,18.126928682356327,0.4149751137686422,0.05712948064668366,1],[107.22672220103232,0.7918043834033337,85.7450551172224,13.884129818384878,0.32118004900253296,0.04963501539018443,1],[114.97569953977356,0.7049457217331488,89.13430415435058,10.57618794274414,0.2467301765170946,0.04277772638818801,1],[120,0.6548950281107577,90.81837717630268,8.933358426089959,0.2093225985140134,0.038941799093352619,1],[123.28467394420659,0.6246815245491697,91.74972063614216,8.02508969885478,0.18852049991632126,0.036669165086746679,1],[132.19411484660288,0.5517870410651405,93.75371188933781,6.071461068383476,0.1435003636378028,0.031326678640913308,1],[141.74741629268048,0.4863673573167109,95.28192027329917,4.582407804104686,0.10895943366148853,0.026712488934665318,1],[151.99110829529332,0.4281420903921741,96.44339990509779,3.4512191639477844,0.08262004992924815,0.022760881025180318,1],[162.97508346206434,0.3766262357725877,97.32394272825758,2.5940300219767646,0.06263185372519646,0.019395396040461624,1],[174.7528400007683,0.33124158011456647,97.99016392943521,1.9457730846980042,0.04752408603323684,0.0165388998335628,1],[187.3817422860383,0.29138352562248279,98.49336483706499,1.4563715139015048,0.036144662891570627,0.014118986141931682,1],[200.92330025650458,0.2564598373172932,98.87284082013024,1.0874886384705467,0.027600049079073997,0.012070492320144165,1],[215.44346900318824,0.2259119077890838,99.15858019443984,0.8098816226459782,0.021201867953207423,0.010336314960963376,1],[231.01297000831605,0.1992252520982606,99.37340846122615,0.6013021520484407,0.016422105760994369,0.00886728096442557,1],[247.70763559917115,0.1759334785219623,99.53466518962321,0.4448564104090314,0.01285686179882857,0.007621538168931508,1],[265.6087782946687,0.15561838736369186,99.65550224695227,0.3277362110727084,0.010197800953064865,0.006563741021962233,1],[284.8035868435802,0.1379078806151495,99.7458823072126,0.24024332172736446,0.008210183159781065,0.005664187900266557,1],[305.3855508833416,0.12247270123780503,99.81334316091763,0.17504260767612463,0.006716236827138722,0.004897994579107701,1],[327.45491628777287,0.10902266930572977,99.86358111915102,0.1265919328641574,0.005582603902415144,0.004244344082402177,1],[351.1191734215131,0.09730278391218557,99.90089547273723,0.09070804741611355,0.00471065131296822,0.0036858285336886346,1],[376.49358067924677,0.08708941922652849,99.92852690227795,0.06423651748384544,0.0040286964310520339,0.003207883807134388,1],[403.70172585965539,0.07818674220384039,99.9489149194796,0.044801194903336758,0.00348557414630991,0.0027983114707510407,1],[432.8761281083057,0.07042342429841044,99.9638936762295,0.030614135291464337,0.0030453105464251846,0.002446877932595238,1],[464.15888336127775,0.06364966007767546,99.97484058595608,0.02033159540792878,0.002682837650852835,0.0021449809851557288,1],[497.70235643321089,0.05773445524282148,99.98278884272225,0.012945090500645209,0.0023806934605411979,0.0018853733165634653,1],[533.6699231206312,0.05256328038872328,99.9885126420215,0.007698830031397787,0.002126594166010288,0.0016619337810829299,1],[572.236765935022,0.04803589119067166,99.99259135725251,0.004027446748136516,0.0019117177955483257,0.0014694782038135479,1],[613.5907273413176,0.044064546387584026,99.99545807708994,0.001508791206354697,0.0017295286393768008,0.0013036030643217452,1],[657.9332246575682,0.04057230198584228,99.99709290065033,0.00017156248310279824,0.0015749851943356987,0.0011605516722173306,1],[705.4802310718645,0.03749159010180351,99.99627173232985,0.0012471529800206075,0.001444014248510519,0.0010371004416137996,1],[756.463327554629,0.03476297877036794,99.99584526360877,0.0018909605763685028,0.001333252457729519,0.0009305233571303193,1],[811.1308307896873,0.03165372408059791,99.98512869717725,0.010350494114292224,0.0029790638855462798,0.0015417448229300072,1],[869.7490026177834,0.027532444900112409,99.98871970898689,0.007367877360224031,0.00257468270444914,0.0013377309484312039,1],[932.60334688322,0.023947536344467905,99.991434335484,0.005171523972089221,0.0022330820569942527,0.0011610584869115387,1],[1000,0.02082925350425209,99.99348822182712,0.0035622296705624994,0.0019415656911459169,0.0010079828111642718,1]],"participation_point_columns":["requested_length","matched_length","length_index","mode_number","eigenvalue","global_percent","distortional_percent","local_percent","other_percent","dominant_family_id"],"member_lengths":[[120,120,70,1,0.6548950281107577,90.81837717630268,8.933358426089959,0.2093225985140134,0.038941799093352619,1],[120,120,70,2,1.2104318542667115,57.32239055426103,40.646899071620648,1.9647834926157768,0.06592688150255974,1],[120,120,70,3,2.329918582750057,35.73733491946909,63.70677796851193,0.5169824275486498,0.038904684470327906,2],[120,120,70,4,6.576510492087952,36.87424856284209,61.78457975756098,1.1330144826045934,0.2081571969923486,2],[120,120,70,5,13.621711928380451,48.06402715450375,50.68165745400237,0.7727945633356319,0.4815208281582464,2],[120,120,70,6,45.383102086544408,25.098727209905066,23.713659621313558,51.1586071808206,0.02900598796077281,3],[120,120,70,7,202.3179606218962,16.19417094768637,20.2124947404175,63.47743884521657,0.11589546667957293,3],[120,120,70,8,268.8908270979613,10.567635069154619,29.66760975628266,59.696631970651399,0.06812320391131453,3],[120,120,70,9,504.5186557603389,32.36926028513075,1.6972973876353018,65.8893204138626,0.044121913371325507,3],[120,120,70,10,589.7482015829955,93.78246544708101,0.40036851190973057,4.18118031106405,1.635985729945204,1]],"signature_minima":[[7.054802310718643,7.054802310718643,29,1,0.352708709855447,0.2714672577226697,1.3478510624719776,98.22801761209861,0.15266406770674868,3],[7.054802310718643,7.054802310718643,29,2,1.0829481620538788,0.7154132794079655,5.995647029731912,92.72629140664805,0.562648284212074,3],[7.054802310718643,7.054802310718643,29,3,1.2971840787312504,0.18637462074932213,7.525603747798387,92.01088594872337,0.2771356827289221,3],[7.054802310718643,7.054802310718643,29,4,1.9893937788897303,1.3112582140763985,4.889054546255606,93.32305913201586,0.4766281076521375,3],[7.054802310718643,7.054802310718643,29,5,5.423957713311838,1.4113576587175685,8.006676411418207,89.79730633687902,0.7846595929852117,3],[7.054802310718643,7.054802310718643,29,6,7.7878734775553,1.410437006271004,12.311744331952533,85.02881129329218,1.2490073684842829,3],[7.054802310718643,7.054802310718643,29,7,8.724630460466245,0.20891622569158667,13.065888274343273,86.20186783296743,0.5233276669977116,3],[7.054802310718643,7.054802310718643,29,8,11.780623436804847,1.5109396959589714,46.89715542410511,49.46691995760527,2.124984922330647,3],[7.054802310718643,7.054802310718643,29,9,11.811219661943472,2.3179665186825537,45.264320113382989,50.447030584688,1.9706827832464518,3],[7.054802310718643,7.054802310718643,29,10,15.448174243987646,1.1531224612195648,14.001547100802869,83.96963539096376,0.875695047013806,3],[43.287612810830577,43.287612810830577,55,1,0.5372837447194038,1.3684579686935337,93.63582427836127,4.944974324773815,0.050743428171384639,2],[43.287612810830577,43.287612810830577,55,2,0.9415418021173021,9.457482398827996,87.96587446151708,2.479582178353325,0.09706096130160957,2],[43.287612810830577,43.287612810830577,55,3,4.128348335516241,14.174621296201947,38.20738530157396,47.371489067155817,0.24650433506827153,3],[43.287612810830577,43.287612810830577,55,4,7.33608331500089,52.53610304480228,43.32202136452322,3.8376998260423536,0.304175764632139,1],[43.287612810830577,43.287612810830577,55,5,15.123999136323715,50.17321963463451,9.912538301761823,39.037020338123969,0.8772217254796901,1],[43.287612810830577,43.287612810830577,55,6,23.26069048185329,8.944336035818273,30.53373461153031,59.260042193924338,1.2618871587270709,3],[43.287612810830577,43.287612810830577,55,7,36.97370773594225,15.387544222200866,28.31632047386408,56.03538446347264,0.260750840462418,3],[43.287612810830577,43.287612810830577,55,8,64.74238574784052,44.30680872480594,8.16798276598391,41.20216890031524,6.323039608894902,1],[43.287612810830577,43.287612810830577,55,9,69.52934079293449,37.60491007709847,6.917805856840528,52.66680460532933,2.810479460731678,3],[43.287612810830577,43.287612810830577,55,10,177.65228214830413,19.072577470421864,12.01594444431639,68.65501771653475,0.2564603687269925,3]]}}
