CUFSM CLI Analysis Results
==========================

MODEL
Material columns: material_id Ex Ey nu_x nu_y G
material_id,Ex,Ey,nu_x,nu_y,G
100,29500,29500,0.3,0.3,11346.15

Node columns: node_id x z dof_x dof_z dof_y dof_rotation stress
node_id,x,z,dof_x,dof_z,dof_y,dof_rotation,stress
1,5,1,1,1,1,1,50
2,5,0.5,1,1,1,1,50
3,5,0,1,1,1,1,50
4,3.75,0,1,1,1,1,50
5,2.5,0,1,1,1,1,50
6,1.25,0,1,1,1,1,50
7,0,0,1,1,1,1,50
8,0,1.5,1,1,1,1,50
9,0,3,1,1,1,1,50
10,0,4.5,1,1,1,1,50
11,0,6,1,1,1,1,50
12,0,7.5,1,1,1,1,50
13,0,9,1,1,1,1,50
14,1.25,9,1,1,1,1,50
15,2.5,9,1,1,1,1,50
16,3.75,9,1,1,1,1,50
17,5,9,1,1,1,1,50
18,5,8.5,1,1,1,1,50
19,5,8,1,1,1,1,50

Element columns: element_id node_i node_j thickness material_id
element_id,node_i,node_j,thickness,material_id
1,1,2,0.1,100
2,2,3,0.1,100
3,3,4,0.1,100
4,4,5,0.1,100
5,5,6,0.1,100
6,6,7,0.1,100
7,7,8,0.1,100
8,8,9,0.1,100
9,9,10,0.1,100
10,10,11,0.1,100
11,11,12,0.1,100
12,12,13,0.1,100
13,13,14,0.1,100
14,14,15,0.1,100
15,15,16,0.1,100
16,16,17,0.1,100
17,17,18,0.1,100
18,18,19,0.1,100

ANALYSIS SETTINGS
boundary_condition,S-S
number_of_lengths,101
minimum_length,1
maximum_length,1000
requested_eigenmodes,10
member_lengths,120
springs_defined,0
constraints_defined,0
cfsm_active,0

SIGNATURE CURVE
half_wavelength,lowest_eigenvalue
1,5.47268548405
1.07226722201,4.77867998627
1.1497569954,4.17520521038
1.23284673944,3.65048477185
1.32194114847,3.19427792473
1.41747416293,2.79767977454
1.51991108295,2.45294755018
1.62975083462,2.15334954709
1.74752840001,1.89303379635
1.87381742286,1.66691389894
2.00923300257,1.47056979883
2.15443469003,1.30016155947
2.31012970008,1.15235446115
2.47707635599,1.02425395663
2.65608778295,0.913349213959
2.84803586844,0.817464142099
3.05385550883,0.734714940725
3.27454916288,0.663473342529
3.51119173422,0.602334827945
3.76493580679,0.550091189741
4.0370172586,0.505706910374
4.32876128108,0.468298889173
4.64158883361,0.437119120058
4.97702356433,0.411539973282
5.33669923121,0.391041776438
5.72236765935,0.375202419364
6.13590727341,0.363688723225
6.57933224658,0.356249312981
7.05480231072,0.352708709855
7.56463327555,0.35296230727
8.1113083079,0.356971794114
8.69749002618,0.364760414889
9.32603346883,0.376407158137
10,0.392038456917
10.7226722201,0.411815118054
11.497569954,0.435910706801
12.3284673944,0.464475040688
13.2194114847,0.497572020888
14.1747416293,0.535073624844
15.1991108295,0.57648058192
16.2975083462,0.620627802677
17.4752840001,0.665239458276
18.7381742286,0.706403131151
20.0923300257,0.738410488138
21.5443469003,0.755028168446
23.1012970008,0.752733314542
24.7707635599,0.733337607184
26.5608778295,0.702694405377
28.4803586844,0.667263446602
30.5385550883,0.632049438444
32.7454916288,0.600323424451
35.1119173422,0.574053073931
37.6493580679,0.554382115717
40.370172586,0.541982619118
43.2876128108,0.537283744719
46.4158883361,0.540614044226
49.7702356433,0.552288252795
53.3669923121,0.572658307702
57.2236765935,0.602139131991
61.3590727341,0.641212292447
65.7933224658,0.690402843565
70.5480231072,0.750212819354
75.6463327555,0.820971311791
81.113083079,0.902507321877
86.9749002618,0.993420439945
93.2603346883,0.976147522116
100,0.883385965147
107.226722201,0.791804383403
114.97569954,0.704945721733
120,0.654895028111
123.284673944,0.624681524549
132.194114847,0.551787041065
141.747416293,0.486367357317
151.991108295,0.428142090392
162.975083462,0.376626235773
174.752840001,0.331241580115
187.381742286,0.291383525622
200.923300257,0.256459837317
215.443469003,0.225911907789
231.012970008,0.199225252098
247.707635599,0.175933478522
265.608778295,0.155618387364
284.803586844,0.137907880615
305.385550883,0.122472701238
327.454916288,0.109022669306
351.119173422,0.0973027839122
376.493580679,0.0870894192265
403.70172586,0.0781867422038
432.876128108,0.0704234242984
464.158883361,0.0636496600777
497.702356433,0.0577344552428
533.669923121,0.0525632803887
572.236765935,0.0480358911907
613.590727341,0.0440645463876
657.933224658,0.0405723019858
705.480231072,0.0374915901018
756.463327555,0.0347629787704
811.13083079,0.0316537240806
869.749002618,0.0275324449001
932.603346883,0.0239475363445
1000,0.0208292535043

CRITICAL POINTS
type,half_wavelength,lowest_eigenvalue
overall_minimum,1000,0.0208292535043
local_minimum,7.05480231072,0.352708709855
local_minimum,43.2876128108,0.537283744719

CLASSIFIED LOCAL MINIMA
type,half_wavelength,lowest_eigenvalue,length_index,global_percent,distortional_percent,local_percent,other_percent,dominant_family
local_minimum,7.05480231072,0.352708709855,29,0.271467257723,1.34785106247,98.2280176121,0.152664067707,local
local_minimum,43.2876128108,0.537283744719,55,1.36845796869,93.6358242784,4.94497432477,0.0507434281714,distortional

FAMILY MINIMA
dominant_family,half_wavelength,lowest_eigenvalue,length_index,global_percent,distortional_percent,local_percent,other_percent
distortional,43.2876128108,0.537283744719,55,1.36845796869,93.6358242784,4.94497432477,0.0507434281714
local,7.05480231072,0.352708709855,29,0.271467257723,1.34785106247,98.2280176121,0.152664067707

LOWEST MODE PARTICIPATION
half_wavelength,lowest_eigenvalue,global_percent,distortional_percent,local_percent,other_percent,dominant_family
1,5.47268548405,0.939768363774,0.0269368373293,98.2061427236,0.827152075345,local
1.07226722201,4.77867998627,0.861729087612,0.0278542326498,98.3510256893,0.759390990459,local
1.1497569954,4.17520521038,0.790558013963,0.0290360181147,98.4829383523,0.697467615599,local
1.23284673944,3.65048477185,0.725702505216,0.0305104347399,98.6028888082,0.640898251892,local
1.32194114847,3.19427792473,0.666662465373,0.0323184152937,98.7117758156,0.589243303771,local
1.41747416293,2.79767977454,0.612985010506,0.0345169930602,98.8103951889,0.542102807571,local
1.51991108295,2.45294755018,0.564259688688,0.0371834327513,98.8994446529,0.499112225685,local
1.62975083462,2.15334954709,0.520114027171,0.0404201252837,98.9795275244,0.459938323163,local
1.74752840001,1.89303379635,0.480209367916,0.0443602675305,99.0511551876,0.424275176945,local
1.87381742286,1.66691389894,0.444237078925,0.049174332273,99.1147480614,0.391840527352,local
2.00923300257,1.47056979883,0.411915291835,0.0550773357482,99.1706346106,0.362372761773,local
2.15443469003,1.30016155947,0.382986317242,0.0623369493003,99.2190479133,0.335628820112,local
2.31012970008,1.15235446115,0.357214838814,0.0712826017057,99.2601193311,0.311383228399,local
2.47707635599,1.02425395663,0.334386904399,0.0823159063843,99.2938688855,0.289428303713,local
2.65608778295,0.913349213959,0.314309641579,0.0959230465935,99.3201919634,0.269575348468,local
2.84803586844,0.817464142099,0.296811551616,0.112690173252,99.3388418674,0.251656407779,local
3.05385550883,0.734714940725,0.281743199053,0.133323403404,99.3494074319,0.235525965672,local
3.27454916288,0.663473342529,0.268978123847,0.158675615249,99.3512843826,0.221061878317,local
3.51119173422,0.602334827945,0.258413855066,0.189782865389,99.3436383413,0.208164938285,local
3.76493580679,0.550091189741,0.249972985458,0.227913867615,99.3253564115,0.196756735429,local
4.0370172586,0.505706910374,0.243604354199,0.274636590167,99.2949831913,0.186775864296,local
4.32876128108,0.468298889173,0.239284462912,0.331906762337,99.2506358616,0.178172913132,local
4.64158883361,0.437119120058,0.237019307724,0.402184140918,99.1898916118,0.170904939512,local
4.97702356433,0.411539973282,0.236846847922,0.488584045296,99.1096388851,0.164930221645,local
5.33669923121,0.391041776438,0.238840355155,0.595074211926,99.0058814599,0.16020397299,local
5.72236765935,0.375202419364,0.243112899876,0.726730704421,98.8734809171,0.156675478626,local
6.13590727341,0.363688723225,0.249823228616,0.890071686471,98.705818254,0.154286830869,local
6.57933224658,0.356249312981,0.259183250578,1.09349459791,98.494348985,0.152973166511,local
7.05480231072,0.352708709855,0.271467257723,1.34785106247,98.2280176121,0.152664067707,local
7.56463327555,0.35296230727,0.287022810075,1.66720528434,97.8924863103,0.153285595308,local
8.1113083079,0.356971794114,0.30628286715,2.06983656774,97.4691182758,0.154762289295,local
8.69749002618,0.364760414889,0.329778131496,2.57956586825,96.9336375929,0.157018407312,local
9.32603346883,0.376407158137,0.358147497079,3.22751068951,96.2543641376,0.15997767578,local
10,0.392038456917,0.392142613582,4.05440166125,95.3898948589,0.163560866274,local
10.7226722201,0.411815118054,0.432619286175,5.11362326844,94.286076924,0.167680521351,local
11.497569954,0.435910706801,0.480502751467,6.4751548194,92.8721103646,0.172232064557,local
12.3284673944,0.464475040688,0.536704345047,8.23054091392,91.0556744639,0.177080277092,local
13.2194114847,0.497572020888,0.601951920429,10.4987935755,88.717214806,0.182039698111,local
14.1747416293,0.535073624844,0.676474830041,13.4324158198,85.7042623023,0.186847047848,local
15.1991108295,0.57648058192,0.759462163075,17.2208038428,81.828610105,0.19112388919,local
16.2975083462,0.620627802677,0.848220982542,22.0835507007,76.8738978773,0.194330439539,local
17.4752840001,0.665239458276,0.937102653328,28.2361988812,70.630976039,0.195722426481,local
18.7381742286,0.706403131151,1.01678007301,35.7967665242,62.992098815,0.194354587835,local
20.0923300257,0.738410488138,1.07552154243,44.6080220292,54.1272208489,0.189235579526,local
21.5443469003,0.755028168446,1.10444203919,54.0557895763,44.660010066,0.17975831856,distortional
23.1012970008,0.752733314542,1.10448701437,63.1583088051,35.5709408051,0.16626337541,distortional
24.7707635599,0.733337607184,1.08685575183,71.0464982142,27.7165220851,0.150123948803,distortional
26.5608778295,0.702694405377,1.06536116145,77.3602469429,21.4413053062,0.133086589364,distortional
28.4803586844,0.667263446602,1.05025792072,82.1856464642,16.6475402083,0.116555406823,distortional
30.5385550883,0.632049438444,1.04774072562,85.7938262563,13.0570710156,0.101362002447,distortional
32.7454916288,0.600323424451,1.06182867345,88.4669846184,10.3833129055,0.0878738026541,distortional
35.1119173422,0.574053073931,1.09605687855,90.4368059634,8.39096676274,0.0761703952739,distortional
37.6493580679,0.554382115717,1.15456379332,91.8773221471,6.90193529543,0.066178764199,distortional
40.370172586,0.541982619118,1.2428466441,92.9142034779,5.78519258398,0.057757294059,distortional
43.2876128108,0.537283744719,1.36845796869,93.6358242784,4.94497432477,0.0507434281714,distortional
46.4158883361,0.540614044226,1.54183789095,94.1020577667,4.31112510114,0.0449792412085,distortional
49.7702356433,0.552288252795,1.77745425159,94.3502535834,3.8319677741,0.0403243909236,distortional
53.3669923121,0.572658307702,2.0954649101,94.3986687567,3.46920417847,0.0366621546948,distortional
57.2236765935,0.602139131991,2.52423279056,94.2475745967,3.19429059712,0.0339020156298,distortional
61.3590727341,0.641212292447,3.10425557846,93.8779154524,2.98584778896,0.0319811802151,distortional
65.7933224658,0.690402843565,3.8945159387,93.2468280679,2.82778883706,0.0308671563469,distortional
70.5480231072,0.750212819354,4.98312136002,92.2783758235,2.70793893304,0.0305638834033,distortional
75.6463327555,0.820971311791,6.50580391999,90.846098544,2.61697278375,0.0311247522303,distortional
81.113083079,0.902507321877,8.67913531888,88.7406935733,2.54749414499,0.0326769628098,distortional
86.9749002618,0.993420439945,11.8607550864,85.6108167441,2.49296701261,0.0354611569156,distortional
93.2603346883,0.976147522116,75.9288582942,23.4754799216,0.530654151673,0.0650076324755,global
100,0.883385965147,81.4009667232,18.1269286824,0.414975113769,0.0571294806467,global
107.226722201,0.791804383403,85.7450551172,13.8841298184,0.321180049003,0.0496350153902,global
114.97569954,0.704945721733,89.1343041544,10.5761879427,0.246730176517,0.0427777263882,global
120,0.654895028111,90.8183771763,8.93335842609,0.209322598514,0.0389417990934,global
123.284673944,0.624681524549,91.7497206361,8.02508969885,0.188520499916,0.0366691650867,global
132.194114847,0.551787041065,93.7537118893,6.07146106838,0.143500363638,0.0313266786409,global
141.747416293,0.486367357317,95.2819202733,4.5824078041,0.108959433661,0.0267124889347,global
151.991108295,0.428142090392,96.4433999051,3.45121916395,0.0826200499292,0.0227608810252,global
162.975083462,0.376626235773,97.3239427283,2.59403002198,0.0626318537252,0.0193953960405,global
174.752840001,0.331241580115,97.9901639294,1.9457730847,0.0475240860332,0.0165388998336,global
187.381742286,0.291383525622,98.4933648371,1.4563715139,0.0361446628916,0.0141189861419,global
200.923300257,0.256459837317,98.8728408201,1.08748863847,0.0276000490791,0.0120704923201,global
215.443469003,0.225911907789,99.1585801944,0.809881622646,0.0212018679532,0.010336314961,global
231.012970008,0.199225252098,99.3734084612,0.601302152048,0.016422105761,0.00886728096443,global
247.707635599,0.175933478522,99.5346651896,0.444856410409,0.0128568617988,0.00762153816893,global
265.608778295,0.155618387364,99.655502247,0.327736211073,0.0101978009531,0.00656374102196,global
284.803586844,0.137907880615,99.7458823072,0.240243321727,0.00821018315978,0.00566418790027,global
305.385550883,0.122472701238,99.8133431609,0.175042607676,0.00671623682714,0.00489799457911,global
327.454916288,0.109022669306,99.8635811192,0.126591932864,0.00558260390242,0.0042443440824,global
351.119173422,0.0973027839122,99.9008954727,0.0907080474161,0.00471065131297,0.00368582853369,global
376.493580679,0.0870894192265,99.9285269023,0.0642365174838,0.00402869643105,0.00320788380713,global
403.70172586,0.0781867422038,99.9489149195,0.0448011949033,0.00348557414631,0.00279831147075,global
432.876128108,0.0704234242984,99.9638936762,0.0306141352915,0.00304531054643,0.0024468779326,global
464.158883361,0.0636496600777,99.974840586,0.0203315954079,0.00268283765085,0.00214498098516,global
497.702356433,0.0577344552428,99.9827888427,0.0129450905006,0.00238069346054,0.00188537331656,global
533.669923121,0.0525632803887,99.988512642,0.0076988300314,0.00212659416601,0.00166193378108,global
572.236765935,0.0480358911907,99.9925913573,0.00402744674814,0.00191171779555,0.00146947820381,global
613.590727341,0.0440645463876,99.9954580771,0.00150879120635,0.00172952863938,0.00130360306432,global
657.933224658,0.0405723019858,99.9970929007,0.000171562483103,0.00157498519434,0.00116055167222,global
705.480231072,0.0374915901018,99.9962717323,0.00124715298002,0.00144401424851,0.00103710044161,global
756.463327555,0.0347629787704,99.9958452636,0.00189096057637,0.00133325245773,0.00093052335713,global
811.13083079,0.0316537240806,99.9851286972,0.0103504941143,0.00297906388555,0.00154174482293,global
869.749002618,0.0275324449001,99.988719709,0.00736787736022,0.00257468270445,0.00133773094843,global
932.603346883,0.0239475363445,99.9914343355,0.00517152397209,0.00223308205699,0.00116105848691,global
1000,0.0208292535043,99.9934882218,0.00356222967056,0.00194156569115,0.00100798281116,global

MEMBER LENGTH MODE PARTICIPATION
requested_length,matched_length,length_index,mode_number,eigenvalue,global_percent,distortional_percent,local_percent,other_percent,dominant_family
120,120,70,1,0.654895028111,90.8183771763,8.93335842609,0.209322598514,0.0389417990934,global
120,120,70,2,1.21043185427,57.3223905543,40.6468990716,1.96478349262,0.0659268815026,global
120,120,70,3,2.32991858275,35.7373349195,63.7067779685,0.516982427549,0.0389046844703,distortional
120,120,70,4,6.57651049209,36.8742485628,61.7845797576,1.1330144826,0.208157196992,distortional
120,120,70,5,13.6217119284,48.0640271545,50.681657454,0.772794563336,0.481520828158,distortional
120,120,70,6,45.3831020865,25.0987272099,23.7136596213,51.1586071808,0.0290059879608,local
120,120,70,7,202.317960622,16.1941709477,20.2124947404,63.4774388452,0.11589546668,local
120,120,70,8,268.890827098,10.5676350692,29.6676097563,59.6966319707,0.0681232039113,local
120,120,70,9,504.51865576,32.3692602851,1.69729738764,65.8893204139,0.0441219133713,local
120,120,70,10,589.748201583,93.7824654471,0.40036851191,4.18118031106,1.63598572995,global

SIGNATURE MINIMA MODE PARTICIPATION
requested_length,matched_length,length_index,mode_number,eigenvalue,global_percent,distortional_percent,local_percent,other_percent,dominant_family
7.05480231072,7.05480231072,29,1,0.352708709855,0.271467257723,1.34785106247,98.2280176121,0.152664067707,local
7.05480231072,7.05480231072,29,2,1.08294816205,0.715413279408,5.99564702973,92.7262914066,0.562648284212,local
7.05480231072,7.05480231072,29,3,1.29718407873,0.186374620749,7.5256037478,92.0108859487,0.277135682729,local
7.05480231072,7.05480231072,29,4,1.98939377889,1.31125821408,4.88905454626,93.323059132,0.476628107652,local
7.05480231072,7.05480231072,29,5,5.42395771331,1.41135765872,8.00667641142,89.7973063369,0.784659592985,local
7.05480231072,7.05480231072,29,6,7.78787347756,1.41043700627,12.311744332,85.0288112933,1.24900736848,local
7.05480231072,7.05480231072,29,7,8.72463046047,0.208916225692,13.0658882743,86.201867833,0.523327666998,local
7.05480231072,7.05480231072,29,8,11.7806234368,1.51093969596,46.8971554241,49.4669199576,2.12498492233,local
7.05480231072,7.05480231072,29,9,11.8112196619,2.31796651868,45.2643201134,50.4470305847,1.97068278325,local
7.05480231072,7.05480231072,29,10,15.448174244,1.15312246122,14.0015471008,83.969635391,0.875695047014,local
43.2876128108,43.2876128108,55,1,0.537283744719,1.36845796869,93.6358242784,4.94497432477,0.0507434281714,distortional
43.2876128108,43.2876128108,55,2,0.941541802117,9.45748239883,87.9658744615,2.47958217835,0.0970609613016,distortional
43.2876128108,43.2876128108,55,3,4.12834833552,14.1746212962,38.2073853016,47.3714890672,0.246504335068,local
43.2876128108,43.2876128108,55,4,7.336083315,52.5361030448,43.3220213645,3.83769982604,0.304175764632,global
43.2876128108,43.2876128108,55,5,15.1239991363,50.1732196346,9.91253830176,39.0370203381,0.87722172548,global
43.2876128108,43.2876128108,55,6,23.2606904819,8.94433603582,30.5337346115,59.2600421939,1.26188715873,local
43.2876128108,43.2876128108,55,7,36.9737077359,15.3875442222,28.3163204739,56.0353844635,0.260750840462,local
43.2876128108,43.2876128108,55,8,64.7423857478,44.3068087248,8.16798276598,41.2021689003,6.32303960889,global
43.2876128108,43.2876128108,55,9,69.5293407929,37.6049100771,6.91780585684,52.6668046053,2.81047946073,local
43.2876128108,43.2876128108,55,10,177.652282148,19.0725774704,12.0159444443,68.6550177165,0.256460368727,local
